#Column 1: SDSS Object ID
#Column 2: SDSS Total Stellar Mass log(M/Msun)
#Column 3: SDSS Spectroscopic Redshift
#Column 4: CFIS Asymmetry
#Column 5: CFIS Outer Asymmetry
#Column 6: CFIS Shape Asymmetry
#Column 7: CFIS Gini
#Column 8: CFIS M20
587731520664764648 11.2545 0.113334 0.104958 0.147457 0.597423 0.59273 -2.16432
587731872852869336 11.1101 0.09014 0.134633 0.162857 0.560328 0.613673 -2.418
587731911500103888 11.1647 0.093816 0.139916 0.293103 0.526938 0.604318 -2.22046
587733429234499707 11.3536 0.099376 0.125585 0.162739 0.526657 0.633147 -2.26967
587733432993710368 11.1593 0.105326 0.292551 0.413166 0.628754 0.628507 -1.59394
587725551735537834 10.7579 0.12401 0.109365 0.174595 0.553773 0.532111 -1.92498
587725994109108481 10.6095 0.119835 0.20266 0.244984 0.565944 0.510513 -1.97573
587728670414340421 10.7088 0.12684 0.133068 0.21404 0.584832 0.611308 -2.29819
587729385546383441 10.7725 0.122246 0.232982 0.358066 0.604933 0.545101 -2.0748
587729408619119012 10.0771 0.125566 0.166553 0.310761 0.51557 0.507744 -1.80942
587729408621281334 10.5814 0.107714 0.00557416 -0.0292344 0.593045 0.527847 -2.02635
587729652353073521 10.2293 0.09067 0.329586 0.420247 0.591271 0.469494 -1.74147
